
A31  (2516,1367)  (2470,1390)
Gold Beach  (1900,834)  (1914,880)  (1862,788)  (1908,788)  (1912,926)
B30  (1262,1086)
UsaParaAttack  (110,537)
B23  (990,945)
B22  (817,938)
B21  (1117,967)
B20  (998,825)
B27  (738,1158)
B26  (569,1130)
B25  (1023,1010)
Armor1  (279,1847)
A29  (2009,1381)  (2120,1380)
B24  (657,1028)
A28  (1903,1369)  (1851,1364)  (1805,1363)  (1759,1386)  (1713,1386)
A27  (1597,1398)  (1551,1405)  (1505,1428)  (1505,1382)  (1459,1391)
B29  (1127,1151)
B28  (908,1152)
A25  (994,1484)  (948,1514)  (948,1468)  (1039,1530)  (994,1438)  (1040,1438)  (1040,1484)  (931,1422)  (902,1537)  (902,1491)  (1033,1392)  (856,1526)
A24  (730,1375)  (684,1376)  (776,1357)  (638,1400)
A23  (2008,1213)  (1962,1221)  (2054,1206)
A22  (1573,1182)  (1527,1219)  (1527,1173)  (1619,1171)  (1661,1217)  (1481,1158)  (1665,1170)  (1707,1216)  (1711,1153)
A21  (1320,1201)  (1366,1195)  (1274,1225)  (1412,1178)  (1412,1224)
G40  (2056,1854)  (2010,1870)  (2102,1835)  (1964,1870)  (2148,1835)  (1918,1870)  (1872,1870)
A40  (2049,1769)  (2003,1762)  (2095,1750)  (1957,1783)  (2141,1750)  (1911,1787)
A41  (2348,1737)  (2302,1772)  (2302,1726)  (2394,1737)  (2256,1772)  (2256,1726)  (2440,1737)  (2210,1772)  (2210,1709)  (2486,1737)
A42  (2631,1766)  (2585,1790)  (2585,1744)  (2792,1779)
G41  (2321,1843)  (2367,1845)  (2275,1870)  (2275,1824)  (2413,1820)  (2413,1866)  (2229,1870)  (2229,1824)  (2459,1820)  (2459,1866)
G42  (2625,1846)  (2579,1870)  (2671,1862)  (2717,1855)  (2763,1839)  (2809,1839)
B40  (822,1633)
B41  (819,1808)
B32  (820,1247)
B31  (683,1319)
B34  (821,1377)
CaenG  (2256,1456)  (2302,1460)  (2348,1436)  (2394,1436)
B33  (1240,1277)
B36  (1168,1366)
B35  (966,1382)
B38  (846,1456)
B37  (685,1517)
A37  (2272,1527)  (2226,1563)  (2226,1517)  (2318,1511)  (2318,1557)  (2180,1559)  (2134,1546)  (2088,1556)  (2088,1510)  (2042,1572)  (2042,1526)  (1996,1572)  (1996,1526)  (1950,1572)  (1950,1526)  (1904,1562)
B39  (1089,1507)
A36  (1811,1627)  (1765,1672)  (1765,1626)  (1856,1673)  (1811,1581)  (1857,1614)  (1763,1580)  (1719,1678)  (1719,1632)  (1902,1660)  (1809,1535)  (1673,1701)
UK Reinforcements  (2348,683)  (2394,683)  (2302,683)  (2440,683)  (2256,683)
A39  (2742,1460)  (2787,1506)  (2741,1506)  (2722,1414)  (2768,1414)  (2788,1460)  (2814,1394)
A38  (2566,1571)  (2520,1551)  (2612,1542)  (2474,1552)  (2428,1576)  (2428,1530)
A33  (985,1760)  (1031,1749)  (922,1763)  (876,1786)
A32  (750,1620)  (704,1611)  (790,1666)  (744,1666)  (750,1574)  (796,1574)  (694,1565)  (675,1673)  (648,1583)  (602,1583)
A35  (1528,1654)  (1482,1698)  (1482,1652)  (1528,1608)  (1574,1629)  (1574,1675)  (1479,1606)  (1436,1687)  (1620,1651)  (1620,1697)  (1433,1641)  (1433,1595)  (1387,1663)
A34  (1214,1698)  (1168,1743)  (1168,1697)  (1260,1656)  (1260,1702)  (1290,1748)  (1122,1761)  (1122,1715)  (1306,1685)  (1336,1731)  (1382,1740)
B51  (1430,1337)
B52  (1266,1170)
B50  (1319,1363)
G7  (921,716)  (967,714)  (1013,689)
G8  (387,897)
armor2  (502,1848)
G9  (586,981)  (540,1026)  (540,980)  (622,1027)  (586,935)  (503,934)  (576,1072)  (530,1072)
B49  (1434,1424)
G4  (1033,466)  (987,463)  (1087,438)
B48  (1535,1558)
G3  (842,500)  (881,546)  (888,493)  (934,502)
B47  (1392,1605)
G6  (484,639)  (438,649)  (530,637)  (576,661)  (622,661)  (668,637)  (668,683)  (714,637)  (714,683)  (760,637)  (760,683)  (766,729)  (806,637)  (806,683)  (812,729)
B46  (1427,1785)
G5  (377,689)  (331,725)
B45  (1219,1640)
B44  (1081,1826)
B43  (1087,1680)
B42  (950,1733)
G1  (351,425)  (305,447)  (397,411)
GVD  (211,1755)
A20  (966,1234)  (920,1239)  (920,1193)  (966,1188)  (1012,1188)  (874,1239)  (874,1193)  (1058,1184)  (1067,1230)  (1113,1187)  (1113,1233)  (1159,1201)
B60  (1662,1416)
B61  (1690,1554)
B62  (1837,1289)
St.LoG  (1226,1584)  (1180,1611)  (1180,1565)  (1272,1556)  (1292,1602)  (1134,1620)  (1134,1574)  (1318,1531)  (1338,1577)  (1364,1531)
B63  (1948,1162)
St.LoA  (1206,1429)  (1160,1474)  (1160,1428)  (1206,1383)  (1252,1383)  (1252,1429)  (1114,1456)  (1298,1397)  (1298,1443)  (1344,1397)  (1344,1443)  (1390,1388)  (1390,1434)  (1390,1480)
UKParaAttack  (2716,775)
A19  (667,1184)  (621,1180)  (575,1170)  (758,1192)  (529,1161)  (804,1191)
B58  (1759,1205)
B57  (1727,1337)
A18  (2709,1207)  (2755,1174)  (2761,1220)  (2663,1231)  (2801,1159)  (2807,1205)  (2617,1232)
GS  (457,1749)
B59  (1759,1062)
B150  (2306,1150)
B54  (1584,1140)
B53  (1350,1156)
B56  (1568,1341)
B55  (1462,1190)
A11  (1045,814)  (1091,800)
A10  (775,801)  (729,816)  (859,799)  (696,770)  (683,816)  (938,815)
A13  (1138,1003)  (1092,1021)  (1185,1019)  (1049,975)
A12  (774,1000)  (820,976)  (728,1018)  (728,972)  (734,926)  (866,970)  (867,1016)  (682,993)  (912,968)  (913,1014)  (958,968)  (959,1014)
A15  (1854,1074)  (1808,1087)  (1950,1081)  (1996,1082)  (2042,1083)
A14  (1392,1039)  (1438,996)  (1346,1039)  (1346,993)  (1392,993)  (1438,950)  (1484,950)  (1484,996)  (1300,1039)  (1530,969)  (1530,1015)  (1576,994)  (1622,1020)  (1668,1030)
A17  (2351,1201)  (2369,1247)  (2323,1247)  (2397,1190)  (2511,1248)
A16  (2178,1122)  (2132,1165)  (2224,1108)  (2238,1154)
B70  (2369,1331)
A1  (288,323)  (242,280)  (334,306)  (196,268)  (380,320)
A4  (1026,358)  (980,367)  (980,321)  (1072,363)
A3  (862,379)  (816,382)  (816,336)  (862,333)  (908,370)  (910,416)
B74  (2763,1354)
A6  (521,544)  (567,562)  (475,589)  (475,543)  (613,562)  (429,589)  (429,543)  (659,562)  (383,551)  (705,562)  (751,562)
B73  (2641,1356)
A5  (297,551)  (281,597)
B72  (2587,1279)
A8  (358,789)  (404,775)  (408,821)
B71  (2504,1333)
A7  (907,621)  (953,607)
A9  (557,800)  (511,841)  (511,795)  (599,846)  (557,754)  (603,754)  (505,749)  (465,810)  (459,764)
R6  (432,1747)
R4  (374,1750)
R5  (405,1746)
Reinforcements Rennes Chartres  (158,1845)
R2  (155,1753)
R3  (176,1751)
B66  (2098,1098)
Omaha Beach  (1582,718)  (1536,749)  (1536,703)  (1582,672)  (1527,657)  (1579,795)  (1568,841)
B67  (2156,1263)
B64  (2072,1329)
B65  (1885,1335)
B68  (2261,1334)
B69  (2178,1332)
B5  (356,474)
B4  (304,480)
B3  (947,399)
B81  (2073,1478)
B2  (785,413)
B80  (1895,1488)
B83  (2377,1495)
B9  (1009,534)
B8  (916,557)
B82  (2278,1491)
B85  (2687,1523)
B7  (824,559)
B84  (2496,1494)
B6  (614,524)
R1  (123,1753)
USParaAttack  (177,860)
B75  (1967,1422)
B76  (2206,1437)
B77  (2427,1385)
B78  (2691,1422)
B79  (1785,1488)
B1  (444,376)
B96  (2536,1778)
B95  (2641,1640)
USAAF  (466,178)  (420,211)  (420,165)  (512,160)  (512,206)  (374,211)  (374,165)  (558,160)  (558,206)  (604,160)  (604,206)  (650,160)  (650,206)
B94  (2604,1701)
B93  (2445,1700)
B92  (2367,1553)
B91  (2274,1680)
B90  (2181,1737)
CaenA  (2242,1384)  (2332,1367)  (2378,1367)
B88  (1959,1633)
B89  (2070,1717)
B86  (1657,1793)
B87  (1880,1712)
USAAF Depot  (912,170)  (866,211)  (866,165)  (958,159)  (958,205)  (820,211)  (820,165)  (1004,159)  (1004,205)  (1050,159)  (1050,205)  (1096,159)  (1096,205)
B97  (2757,1766)
CherbourgA  (584,352)  (630,324)  (538,377)  (661,370)  (492,377)  (748,377)
Shorebombardment  (1799,658)  (1753,668)  (1845,634)  (1891,634)
Juno Beach  (2137,835)  (2167,881)  (2121,881)  (2112,789)  (2158,789)  (2164,927)  (2154,973)
BlockhouseAttack  (1285,861)  (1331,832)  (1239,861)
CherbourgG  (609,477)  (563,491)  (563,445)  (655,440)  (655,486)  (517,472)  (517,426)  (701,425)  (701,471)  (471,452)  (747,425)  (747,471)
P12  (814,1039)
P11  (1078,862)
P14  (1486,1070)
P13  (1152,1052)
P16  (2181,1186)
P15  (1895,1116)
P18  (2718,1259)
P17  (2407,1275)
P19  (717,1245)
Reinforcements Rouen Chartres  (386,1848)
P10  (821,851)
USA Reinforcements  (1256,409)
P30  (2286,1405)
Utah Beach  (1230,645)  (1267,599)  (1276,645)  (1224,691)  (1178,701)  (1313,591)
P9  (531,892)
P8  (369,850)
P5  (319,637)
P4  (1044,418)
P7  (938,675)
P6  (593,610)
P1  (352,380)
P3  (853,444)
P2  (619,399)
Sword Beach  (2438,958)  (2464,1004)  (2412,912)  (2458,912)  (2462,1050)
G15  (1838,1154)  (1792,1180)  (1870,1200)  (2028,1135)
G14  (1383,1105)  (1429,1087)  (1337,1126)  (1532,1087)  (1578,1086)  (1624,1086)  (1670,1086)  (1716,1086)
G13  (1106,1111)  (1060,1130)  (1060,1084)  (1152,1105)  (1198,1080)  (1198,1126)
G12  (758,1098)  (712,1106)  (804,1090)  (816,1136)  (850,1088)  (896,1066)  (896,1112)  (942,1066)  (942,1112)
G19  (687,1281)  (733,1282)  (641,1307)  (779,1257)  (779,1303)  (595,1307)
P42  (2671,1806)
G18  (2652,1315)  (2606,1316)  (2698,1304)  (2744,1303)  (2790,1280)  (2790,1326)
P41  (2348,1794)
G17  (2363,1296)  (2458,1316)  (2504,1296)  (2550,1296)
P40  (2017,1812)
G16  (2208,1244)  (2253,1290)  (2254,1213)
G11  (1054,912)  (1008,901)  (1100,908)  (1146,883)
G10  (797,890)  (751,865)  (843,890)  (705,866)  (889,863)  (924,909)  (935,863)
B19  (1035,748)
B17  (768,767)
B18  (915,780)
P28  (1821,1422)
B11  (619,692)
P29  (2073,1405)
B12  (857,677)
P26  (1241,1505)
P27  (1557,1458)
B10  (386,591)
B15  (438,840)
P24  (700,1416)
P25  (948,1551)
B16  (629,830)
P22  (1616,1242)
B13  (366,743)
B14  (438,730)
P23  (1980,1273)
P21  (1334,1244)
P20  (1024,1272)
G39  (2767,1629)  (2721,1674)  (2721,1628)  (2812,1675)  (2813,1597)  (2766,1720)  (2720,1720)
G38  (2538,1656)  (2492,1687)  (2584,1624)  (2584,1670)  (2463,1641)  (2630,1673)  (2417,1676)  (2417,1630)
G37  (2225,1626)  (2179,1650)  (2271,1619)  (2133,1685)  (2317,1619)  (2095,1639)  (2049,1682)  (2049,1636)  (2003,1700)  (2003,1654)
G36  (1792,1809)  (1746,1854)  (1746,1808)  (1821,1855)  (1795,1763)  (1702,1762)  (1700,1870)  (1700,1824)
G35  (1553,1816)  (1507,1861)  (1507,1815)  (1598,1862)  (1566,1770)  (1599,1816)  (1497,1769)  (1612,1757)  (1461,1870)  (1461,1824)  (1451,1754)
G34  (1201,1838)  (1155,1870)  (1155,1824)  (1247,1833)  (1109,1870)  (1293,1813)  (1293,1859)  (1339,1808)  (1339,1854)  (1385,1808)  (1385,1854)
G33  (990,1855)  (944,1870)  (1036,1834)  (898,1870)
G32  (729,1788)  (683,1833)  (683,1787)  (774,1834)  (767,1742)  (775,1788)  (665,1741)  (637,1870)  (637,1807)
G31  (2496,1461)  (2542,1463)  (2450,1461)  (2588,1454)  (2634,1438)
P37  (2128,1597)
P38  (2508,1592)
P39  (2765,1577)
P33  (948,1798)
P34  (1238,1780)
P35  (1536,1726)
P36  (1740,1720)
G28  (1902,1435)  (1784,1456)  (1738,1435)
G27  (1608,1485)  (1562,1526)  (1651,1531)  (1654,1476)  (1516,1526)  (1644,1577)  (1700,1493)  (1508,1480)  (1462,1513)
P32  (708,1714)
G29  (2014,1429)  (2117,1440)  (2163,1439)
P31  (2546,1411)
G24  (745,1489)  (699,1487)  (791,1448)  (791,1494)  (653,1502)  (653,1456)  (607,1502)  (607,1456)
G23  (2034,1301)  (2080,1293)  (2126,1296)  (1936,1302)  (1890,1302)
G25  (985,1655)  (939,1699)  (939,1653)  (991,1609)  (1031,1655)  (1037,1603)  (920,1607)  (893,1699)  (893,1653)  (874,1607)
G20  (973,1323)  (927,1355)  (927,1309)  (1019,1313)  (881,1369)  (881,1323)  (1065,1302)  (1111,1289)  (1111,1335)  (1157,1289)
G22  (1585,1298)  (1539,1308)  (1631,1292)  (1651,1338)  (1493,1318)  (1493,1272)  (1677,1267)  (1723,1267)  (1769,1275)
G21  (1299,1310)  (1345,1298)  (1391,1273)  (1391,1319)